free_thresh: 0.196
image: lab02_cropped.pgm
negate: 0
occupied_thresh: 0.65
origin: [-1.7000000000000028, -1.6200000000000045, 0.0]
resolution: 0.02
